              precision    recall  f1-score   support

           A     0.8889    0.6857    0.7742        35
           F     0.6337    0.9778    0.7690       315
          FT     0.6667    0.0870    0.1538        23
           L     0.6667    0.1176    0.2000        17
          LF     0.8148    0.3492    0.4889        63
          MN     0.5000    0.1429    0.2222        28
           O     0.8313    0.6699    0.7419       103
          PE     0.8072    0.6768    0.7363        99
          SC     0.8148    0.6111    0.6984        36
          SE     0.7500    0.5185    0.6131        81
          US     0.7080    0.6929    0.7004       140

    accuracy                         0.7011       940
   macro avg     0.7347    0.5027    0.5544       940
weighted avg     0.7207    0.7011    0.6760       940
