              precision    recall  f1-score   support

           A     0.4259    0.6571    0.5169        35
           F     0.7157    0.9429    0.8137       315
          FT     0.5000    0.1304    0.2069        23
           L     1.0000    0.1765    0.3000        17
          LF     0.7091    0.6190    0.6610        63
          MN     0.4783    0.3929    0.4314        28
           O     0.6486    0.4660    0.5424       103
          PE     0.6835    0.5455    0.6067        99
          SC     0.6000    0.6667    0.6316        36
          SE     0.6829    0.6914    0.6871        81
          US     0.6972    0.5429    0.6104       140

    accuracy                         0.6745       940
   macro avg     0.6492    0.5301    0.5462       940
weighted avg     0.6765    0.6745    0.6572       940
