              precision    recall  f1-score   support

           A     0.7857    0.6286    0.6984        35
           F     0.6659    0.9746    0.7912       315
          FT     1.0000    0.0870    0.1600        23
           L     1.0000    0.1176    0.2105        17
          LF     0.7778    0.3333    0.4667        63
          MN     0.4286    0.1071    0.1714        28
           O     0.7500    0.6117    0.6738       103
          PE     0.7907    0.6869    0.7351        99
          SC     0.8065    0.6944    0.7463        36
          SE     0.6438    0.5802    0.6104        81
          US     0.7554    0.7500    0.7527       140

    accuracy                         0.7074       940
   macro avg     0.7640    0.5065    0.5470       940
weighted avg     0.7242    0.7074    0.6798       940
