              precision    recall  f1-score   support

           A     0.6667    0.3429    0.4528        35
           F     0.4811    0.9302    0.6342       315
          FT     0.0000    0.0000    0.0000        23
           L     1.0000    0.1176    0.2105        17
          LF     0.9286    0.2063    0.3377        63
          MN     0.0000    0.0000    0.0000        28
           O     0.8269    0.4175    0.5548       103
          PE     0.5065    0.3939    0.4432        99
          SC     0.8000    0.3333    0.4706        36
          SE     0.5758    0.2346    0.3333        81
          US     0.5508    0.4643    0.5039       140

    accuracy                         0.5298       940
   macro avg     0.5760    0.3128    0.3583       940
weighted avg     0.5726    0.5298    0.4851       940
