              precision    recall  f1-score   support

           A     0.4151    0.6286    0.5000        35
           F     0.7181    0.9302    0.8105       315
          FT     0.2500    0.0435    0.0741        23
           L     0.5000    0.1176    0.1905        17
          LF     0.5652    0.4127    0.4771        63
          MN     0.6667    0.3571    0.4651        28
           O     0.7013    0.5243    0.6000       103
          PE     0.7174    0.6667    0.6911        99
          SC     0.5814    0.6944    0.6329        36
          SE     0.5977    0.6420    0.6190        81
          US     0.7658    0.6071    0.6773       140

    accuracy                         0.6766       940
   macro avg     0.5890    0.5113    0.5216       940
weighted avg     0.6692    0.6766    0.6583       940
